Signals registered
Socket Connected
Entered Main Loop
Message Caught
locked mutex
2003
4006
6009
8012
10015
12018
14021
16024
18027
20030
22033
24036
26039
28042
30045
32048
34051
36054
38057
40060
42063
43008
locked mutex
2003
4006
6009
8012
10015
12018
14021
16024
18027
20030
22033
24036
26039
28042
30045
32048
34051
36054
38057
40060
42063
44066
46069
48072
50075
52078
54081
56084
58087
60090
62093
64096
66099
68102
70105
72108
74111
76114
78117
80120
82123
84126
86129
88132
90135
92138
94141
96144
98147
100150
102153
104156
106159
108162
110165
112168
114171
116174
118177
120180
122183
124186
126189
128192
130195
132198
134201
136204
138207
140210
142213
144216
146219
148222
150225
152228
154231
156234
158237
160240
162243
164246
166249
168252
170255
172258
174261
176264
178267
180270
182273
184276
186279
188282
190285
192288
194291
196294
198297
200300
202303
204306
206309
208312
210315
212318
214321
216324
218327
220330
222333
224336
226339
228342
230345
232348
234351
236354
238357
240360
242363
244366
246369
248372
250375
252378
254381
256384
258387
260390
262393
264396
266399
268402
270405
272408
274411
276414
278417
280420
282423
284426
286429
288432
290435
292438
294441
296444
298447
300450
302453
304456
306459
308462
310465
312468
314471
316474
318477
320480
322483
324486
326489
328492
330495
332498
334501
336504
338507
340510
342513
344516
346519
348522
350525
352528
354531
356534
358537
360540
362543
364546
366549
368552
370555
372558
374561
376564
378567
380570
382573
384576
386579
388582
390585
392588
394591
396594
398597
400600
402603
404606
406609
408612
410615
412618
414621
416624
418627
420630
422633
424636
426639
428642
430645
432648
434651
436654
438657
440660
442663
444666
446669
448672
450675
452678
454681
456684
458687
460690
462693
464696
466699
468702
470705
472708
474711
476714
478717
480720
482723
484726
486729
488732
490735
492738
494741
496744
498747
500750
502753
504756
506759
508762
510765
512768
514771
516774
518777
520780
522783
524786
526789
528792
530795
532798
534801
536804
538807
540810
542813
544816
546819
548822
550825
552828
554831
556834
558837
560840
562843
564846
566849
568852
570855
572858
574861
576864
578867
580870
582873
584876
586879
588882
590885
592888
594891
596894
598897
600900
602903
604906
606909
608912
610915
612918
614921
616924
618927
620930
622933
624936
626939
628942
630945
632948
634951
636954
638957
640960
642963
644966
646969
648972
650975
652978
654981
656984
658987
660990
662993
664996
666999
669002
671005
673008
675011
677014
679017
681020
683023
685026
687029
689032
691035
693038
695041
697044
699047
701050
703053
705056
707059
709062
711065
713068
715071
717074
719077
721080
723083
725086
727089
729092
731095
733098
735101
737104
739107
741110
743113
745116
747119
749122
751125
753128
755131
757134
759137
761140
763143
765146
767149
769152
771155
773158
775161
777164
779167
781170
783173
785176
787179
789182
791185
793188
795191
797194
799197
801200
803203
805206
807209
809212
811215
813218
815221
817224
819227
821230
823233
825236
827239
829242
831245
833248
835251
837254
839257
841260
843263
845266
847269
849272
851275
853278
855281
857284
859287
861290
863293
865296
867299
869302
871305
873308
875311
877314
879317
881320
883323
885326
887329
889332
891335
893338
895341
897344
899347
901350
903353
905356
907359
909362
911365
913368
915371
917374
919377
921380
923383
925386
927389
929392
931395
933398
935401
937404
939407
941410
943413
945416
947419
949422
951425
953428
955431
957434
959437
961440
963443
965446
967449
969452
971455
973458
975461
977464
979467
981470
983473
985476
987479
989482
991485
993488
995491
997494
999497
1001500
1003503
1005506
1007509
1009512
1011515
1013518
1015521
1017524
1019527
1021530
1023533
1025536
1027539
1029542
1031545
1033548
1035551
1037554
1039557
1041560
1043563
1045566
1047569
1049572
1051575
1053578
1055581
1057584
1059587
1061590
1063593
1065596
1067599
1069602
1071605
1073608
1075611
1077614
1079617
1081620
1083623
1085626
1087629
1089632
1091635
1093638
1095641
1097644
1099647
1101650
1103653
1105656
1107659
1109662
1111665
1113668
1115671
1117674
1119677
1121680
1123683
1125686
1127689
1129692
1131695
1133698
1135701
1137704
1139707
1141710
1143713
1145716
1147719
1149722
1151725
1153728
1155731
1157734
1159737
1161740
1163743
1165746
1167749
1169752
1171755
1173758
1175761
1177764
1179767
1181770
1183773
1185776
1187779
1189782
1191785
1193788
1195791
1197794
1199797
1201800
1203803
1205806
1207809
1209812
1211815
1213818
1215821
1217824
1219827
1221830
1223833
1225836
1227839
1229842
1231845
1233848
1235851
1237854
1239857
1241860
1243863
1245866
1247869
1249872
1251875
1253878
1255881
1257884
1259887
1261890
1263893
1265896
1267899
1269902
1271905
1273908
1275911
1277914
1279917
1281920
1283923
1285926
1287929
1289932
1291935
1293938
1295941
1297944
1299947
1301950
1303953
1305956
1307959
1309962
1311965
1313968
1315971
1317974
1319977
1321980
1323983
1325986
1327989
1329992
1331995
1333998
1336001
1338004
1340007
1342010
1344013
1346016
1348019
1350022
1352025
1354028
1356031
1358034
1360037
1362040
1364043
1366046
1368049
1370052
1372055
1374058
1376061
1378064
1380067
1382070
1384073
1386076
1388079
1390082
1392085
1394088
1396091
1398094
1400097
1402100
1404103
1406106
1408109
1410112
1412115
1414118
1416121
1418124
1419264
STILL 0LEFT TO READ
Message Caught
locked mutex
STILL 0LEFT TO READ
List.ready = 1
